    3    0
    1
   78
  0.0000000     0.50981894    
control 0      
control 1      
control 2      
  0.0000000     -7.5000000     -2.1786271      7.5000000    
 0.12745474E-01 -7.5000000     -1.9014595      7.5000000    
 0.25490947E-01 -7.5000000     -1.6249782      7.0102683    
 0.50981894E-01 -7.5000000     -1.0528797      5.5914222    
 0.76472842E-01 -7.5000000    -0.44807917      4.2588371    
 0.10196379     -7.5000000     0.19227620      2.9865949    
 0.12745474     -7.5000000     0.85928719      1.8502505    
 0.15294568     -7.5000000      1.5309915     0.94102120    
 0.15931842     -7.5000000      1.6959878     0.78491126    
 0.16250479     -6.3051291      1.7255788     0.71245552    
 0.16409797     -5.7124051      1.7121817     0.69248294    
 0.16569116     -5.1117224      1.7057892     0.66935526    
 0.16728434     -4.5261002      1.6972230     0.65021477    
 0.16887753     -3.9253053      1.6903077     0.63075227    
 0.16967412     -3.6458997      1.6858097     0.62203343    
 0.17047071     -3.3594602      1.6846613     0.61168855    
 0.17086901     -3.2838274      1.6820728     0.60759743    
 0.17126730     -3.1863358      1.6796084     0.60332531    
 0.17206389     -3.2129167      1.6699201     0.59703472    
 0.17843663     0.77486237      1.6535901     0.53346176    
 0.19118210     0.86891884      1.6181337     0.49038320    
 0.20392758     0.81570021      1.5972591     0.40356698    
 0.21030031     0.88852797      1.5767703     0.38878231    
 0.21667305     0.82348905      1.5725710     0.34215306    
 0.22304579     0.89230118      1.5509321     0.32140605    
 0.22941852     0.82364416      1.5480337     0.27717688    
 0.23579126     0.88875820      1.5263573     0.25487892    
 0.24216400     0.81678710      1.5238487     0.21048321    
 0.24853674     0.87850339      1.5023030     0.18784760    
 0.25490947     0.80353380      1.5003078     0.14434503    
 0.26128221     0.86216174      1.4781927     0.11952936    
 0.26765495     0.78447866      1.4768494     0.78044118E-01
 0.27084131     0.84572894      1.4862931     0.68816657E-01
 0.27402768     0.77124765      1.5628700     0.23944141E-01
 0.27721405     0.83012945      1.6325793    -0.11591788E-01
 0.28040042     0.75429065      1.7021801    -0.51869564E-01
 0.28358679     0.81166185      1.7730818    -0.87400144E-01
 0.28677316     0.73433812      1.8434699    -0.12606338    
 0.28995952     0.79020690      1.9139307    -0.16305691    
 0.29314589     0.71138432      1.9837287    -0.20223000    
 0.29633226     0.76572141      2.0549176    -0.23868894    
 0.29951863     0.68538556      2.1246180    -0.27760632    
 0.30270500     0.73816952      2.1975951    -0.31272914    
 0.30589137     0.65631259      2.2645504    -0.35878673    
 0.31226410     0.69154546      2.4002801    -0.43289404    
 0.31863684     0.58895095      2.5421163    -0.51226312    
 0.32500958     0.61790727      2.6824611    -0.58473565    
 0.33138231     0.50920271      2.8229919    -0.66595806    
 0.33775505     0.53197814      2.9626064    -0.73865989    
 0.34412779     0.41727098      3.1016480    -0.81717320    
 0.34572097     0.47160513      3.1401106    -0.83342887    
 0.34731416     0.89476457      3.1830220    -0.85292611    
 0.34811075      1.2468959      3.2056381    -0.86230719    
 0.34890734      1.5791876      3.2281739    -0.87210368    
 0.34970393      1.8904860      3.2505388    -0.88153442    
 0.35050052      2.1996484      3.2728626    -0.89090766    
 0.35129712      2.5562102      3.2967505    -0.89949346    
 0.35209371      2.9109967      3.3205975    -0.90802152    
 0.35289030      3.2404347      3.3442781    -0.91620463    
 0.35368689      3.5572164      3.3682783    -0.92450647    
 0.35528008      4.3758363      3.4163656    -0.93946885    
 0.35607667      4.7051132      3.4405599    -0.94623491    
 0.35647496      4.8626727      3.4529319    -0.94977929    
 0.35687326      4.9932286      3.4656205    -0.95317556    
 0.36005963      6.2847356      3.5488928    -0.95366235    
 0.36324600      7.5000000      3.6320228    -0.95441281    
 0.36961873      7.5000000      3.7896353    -0.93100918    
 0.38236421      7.5000000      4.0675481    -0.79812634    
 0.40785516      7.5000000      4.4328188    -0.97752264E-01
 0.43334610      7.5000000      4.5813218      1.0527984    
 0.44609158      7.5000000      4.5860949      1.7604664    
 0.45883705      7.5000000      4.5649911      2.5165583    
 0.47158252      7.5000000      4.5105188      3.3334339    
 0.48432800      7.5000000      4.4342912      4.1918919    
 0.49070073      7.5000000      4.3903443      4.6337816    
 0.49707347      7.5000000      4.3455719      5.0814886    
 0.50344621      7.5000000      4.2967112      5.5359185    
 0.50981894      7.5000000      4.2485467      5.9773612    

