    7 T    0
    1
   78
  0.0000000     0.50981894    
state 0        
state 1        
state 2        
state 3        
state 4        
state 5        
Lagrange term  
  0.0000000     0.12745474E-01
-0.41153500E-01 0.78074948E-03 0.13366479E-02 0.43428230E-06
 -1.4235000     0.82880501E-03-0.15267841E-02 0.23013264E-04
-0.25641900E-01 0.13055571E-02 0.44348618E-02-0.25798692E-04
 0.61257000E-01 0.20975381     0.74960481E-04 0.18173250E-04
 0.65027400E-01-0.23958989     0.54446871E-02-0.18585663E-04
 0.10243300     0.69591871    -0.60935844E-02 0.14098946E-04
  0.0000000     0.14943611E-02-0.76963016E-05 0.32638632E-06
 0.12745474E-01 0.25490947E-01
-0.39035668E-01 0.34553482E-02 0.13379191E-02 0.83387086E-06
 -1.4241750    -0.21557234E-02-0.14577696E-02 0.35834471E-04
-0.19927280E-01 0.10097885E-01 0.43575509E-02-0.11639301E-03
 0.27110395     0.20995825     0.15410190E-03 0.28115119E-04
-0.16913639    -0.22875627     0.84505911E-02-0.10638082E-04
 0.79227222     0.68377384    -0.27377390E-01-0.12616925E-04
 0.14869912E-02 0.14799477E-02-0.53514529E-04 0.13437353E-05
 0.25490947E-01 0.50981894E-01
-0.34241567E-01 0.12267376E-01 0.53594118E-02 0.13333652E-04
 -1.4277526    -0.99275184E-02-0.54014352E-02 0.33965655E-03
-0.55882371E-02 0.36927615E-01 0.16036961E-01-0.12706027E-02
 0.48124442     0.42070161     0.95031746E-03 0.41260307E-03
-0.38945271    -0.42377401     0.39918539E-01 0.36830257E-04
  1.4486561      1.2579624    -0.14868027    -0.57032434E-03
 0.29147680E-02 0.27538996E-02-0.27724324E-03 0.19886610E-04
 0.50981894E-01 0.76472842E-01
-0.16601446E-01 0.23026201E-01 0.53977368E-02 0.27339666E-04
 -1.4427419    -0.19711419E-01-0.43830919E-02 0.34374296E-03
 0.46105736E-01 0.65189729E-01 0.12228565E-01-0.12406734E-02
 0.90330894     0.42384005     0.22041933E-02 0.67558686E-03
-0.77327135    -0.34382644     0.40252036E-01 0.13511478E-03
  2.5573679     0.95889090    -0.14435484    -0.11057113E-02
 0.54113110E-02 0.22590730E-02-0.20616652E-03 0.18196935E-04
 0.76472842E-01 0.10196379    
 0.11849831E-01 0.33903693E-01 0.54791300E-02 0.46227057E-04
 -1.4664927    -0.27446374E-01-0.33517071E-02 0.35252746E-03
 0.12228336     0.85924839E-01 0.85079252E-02-0.12407914E-02
  1.3300288     0.43027520     0.42797241E-02 0.77378979E-03
 -1.0767106    -0.26291702     0.41322574E-01 0.11064758E-03
  3.3707982     0.66686407    -0.14404386    -0.13222881E-02
 0.74824144E-02 0.19013307E-02-0.14543105E-03 0.17237477E-04
 0.10196379     0.12745474    
 0.51278882E-01 0.45000634E-01 0.56188077E-02 0.64382070E-04
 -1.4969382    -0.33092206E-01-0.22934757E-02 0.34866046E-03
 0.21547533     0.99218315E-01 0.47850914E-02-0.11834665E-02
  1.7653575     0.44115601     0.66509238E-02 0.61741835E-03
 -1.2981944    -0.17993993     0.41020251E-01 0.87954755E-05
  3.8922961     0.37480949    -0.13740559    -0.12501381E-02
 0.92555515E-02 0.16621810E-02-0.83241973E-04 0.14752317E-04
 0.12745474     0.15294568    
 0.10196271     0.56431396E-01 0.58144099E-02 0.75495010E-04
 -1.5319753    -0.36633176E-01-0.12470420E-02 0.32574944E-03
 0.31829527     0.10523810     0.12338650E-02-0.10483394E-02
  2.2137818     0.45631012     0.85368856E-02 0.23202317E-03
 -1.4371053    -0.97873044E-01 0.38430359E-01-0.62190868E-04
  4.1284499     0.96247904E-01-0.12169730    -0.11203578E-02
 0.10849243E-01 0.15399540E-02-0.28170464E-04 0.10858185E-04
 0.15294568     0.15931842    
 0.16428401     0.17071675E-01 0.37764940E-03 0.12055414E-05
 -1.5695297    -0.95375029E-02-0.16886203E-04 0.45562221E-05
 0.42371889     0.26140203E-01-0.11986440E-03-0.13333683E-04
  2.6788609     0.11851999     0.56850300E-03-0.65842219E-06
 -1.4966102    -0.52997246E-02 0.21454996E-02-0.42274709E-06
  4.1018801    -0.37626942E-01-0.62497060E-02-0.18127062E-04
 0.12371885E-01 0.37904692E-03 0.67359746E-06 0.10962100E-06
 0.15931842     0.16250479    
 0.18173454     0.89152953E-02 0.95322313E-04-0.44883857E-05
 -1.5790796    -0.47788033E-02-0.80479187E-06 0.28676759E-06
 0.44972590     0.12930236E-01-0.39980593E-04-0.13046113E-05
  2.7979487     0.59827510E-01-0.42144357E-02-0.76182172E-05
 -1.4997648    -0.50499688E-03 0.26954498E-03 0.29987636E-06
  4.0579854    -0.25090368E-01-0.12415287E-02 0.88193598E-05
 0.12751715E-01 0.19036149E-03-0.28576126E-04 0.15229714E-05
 0.16250479     0.16409797    
 0.19074067     0.45462374E-02 0.20463145E-04-0.55871673E-06
 -1.5838589    -0.23897763E-02 0.13919085E-07-0.72526365E-08
 0.46261485     0.64231807E-02-0.10972279E-04-0.74853108E-07
  2.8535542     0.25687892E-01-0.10506685E-02-0.93804655E-06
 -1.5000000     0.17496359E-04-0.13726578E-04 0.46639811E-07
  4.0316623    -0.13773483E-01-0.14258420E-03 0.10930152E-05
 0.12915023E-01 0.68889075E-04-0.60135934E-05 0.18690844E-06
 0.16409797     0.16569116    
 0.19530681     0.45854875E-02 0.18787012E-04-0.56797936E-06
 -1.5862487    -0.23897702E-02-0.78347006E-08 0.31963800E-08
 0.46902698     0.64010116E-02-0.11196881E-04-0.91739482E-07
  2.8781904     0.23583741E-01-0.10680468E-02-0.98025368E-06
 -1.4999962    -0.98168773E-05 0.59637513E-05 0.36705289E-07
  4.0177473    -0.14055373E-01-0.17457369E-03 0.12214200E-05
 0.12978086E-01 0.57422614E-04-0.55097168E-05 0.19192500E-06
 0.16569116     0.16728434    
 0.19991051     0.46213576E-02 0.17083069E-04-0.55489683E-06
 -1.5886384    -0.23897763E-02 0.17550731E-08-0.11700487E-08
 0.47541671     0.63783426E-02-0.11472099E-04-0.75382918E-07
  2.9007052     0.21444706E-01-0.10434304E-02-0.96809320E-06
 -1.5000000     0.22207412E-05-0.22544498E-05 0.33708646E-07
  4.0035186    -0.14400856E-01-0.14380910E-03 0.12447677E-05
 0.13030190E-01 0.46978955E-04-0.48129534E-05 0.18236531E-06
 0.16728434     0.16887753    
 0.20454840     0.46538591E-02 0.15418397E-04-0.57122890E-06
 -1.5910282    -0.23897763E-02-0.17530805E-08 0.11687204E-08
 0.48178350     0.63551722E-02-0.11698286E-04-0.76528304E-07
  2.9211055     0.19354941E-01-0.10741171E-02-0.10127231E-05
 -1.5000000    -0.21870326E-05 0.21594319E-05 0.27600652E-07
  3.9889752    -0.14684740E-01-0.14614341E-03 0.13631878E-05
 0.13072539E-01 0.37900144E-04-0.43711514E-05 0.19192389E-06
 0.16887753     0.16967412    
 0.20921711     0.23414911E-02 0.34261003E-05-0.66444682E-07
 -1.5934180    -0.11948882E-02 0.44062394E-09-0.29374929E-09
 0.48812690     0.31657730E-02-0.29818610E-05-0.82786262E-08
  2.9393853     0.86018344E-02-0.25005505E-03-0.11920547E-06
 -1.5000000     0.11073166E-05-0.11101991E-05 0.28825388E-08
  3.9741457    -0.74864686E-02-0.31415274E-04 0.16201012E-06
 0.13106260E-01 0.14866807E-04-0.88412600E-06 0.20771216E-07
 0.16967412     0.17047071    
 0.21156196     0.23481440E-02 0.32267670E-05-0.68255427E-07
 -1.5946129    -0.11948882E-02-0.44014643E-09 0.96127725E-09
 0.49128968     0.31597845E-02-0.30066950E-05-0.10461680E-07
  2.9477369     0.81013667E-02-0.25686649E-03-0.12442419E-06
 -1.5000000    -0.11044341E-05 0.36174922E-05 0.20796529E-08
  3.9666279    -0.75488131E-02-0.39655145E-04 0.17434606E-06
 0.13120263E-01 0.13160868E-04-0.83865252E-06 0.21868083E-07
 0.17047071     0.17086901    
 0.21391326     0.11771964E-02 0.75549483E-06-0.44253835E-08
 -1.5958078    -0.59744307E-03 0.61102103E-09-0.74517340E-10
 0.49444645     0.15768699E-02-0.75951059E-06-0.92527983E-09
  2.9555813     0.37936302E-02-0.33319359E-04-0.86779274E-08
 -1.4999975     0.30683946E-05-0.56159873E-06 0.10829204E-09
  3.9590396    -0.38138002E-02-0.69788546E-05 0.10451800E-07
 0.13132607E-01 0.57745837E-05-0.10404998E-06 0.83929038E-09
 0.17086901     0.17126730    
 0.21509121     0.11786941E-02 0.74221888E-06-0.57600978E-08
 -1.5964052    -0.59744207E-03 0.38739875E-09-0.58526527E-10
 0.49602256     0.15753481E-02-0.76228438E-06-0.96524683E-09
  2.9593416     0.37269655E-02-0.43368872E-04-0.11319596E-07
 -1.4999950     0.19455221E-05-0.44123370E-06 0.16520777E-09
  3.9552189    -0.38277265E-02-0.72856389E-05 0.14278288E-07
 0.13138279E-01 0.55690016E-05-0.13109839E-06 0.18656017E-08
 0.17126730     0.17206389    
 0.21627064     0.23603225E-02 0.28997483E-05 0.78793270E-08
 -1.5970026    -0.11948830E-02 0.84758369E-09-0.22980407E-08
 0.49759714     0.31476412E-02-0.30607003E-05-0.43814346E-08
  2.9630252     0.72803876E-02 0.29665107E-04 0.54468354E-08
 -1.4999935     0.21271006E-05-0.86527625E-05-0.83371611E-09
  3.9513839    -0.76845099E-02-0.16439269E-04-0.37282277E-07
 0.13143718E-01 0.10624803E-04 0.50473258E-07 0.89554337E-09
 0.17206389     0.17843663    
 0.21863387     0.18929165E-01 0.18727488E-03-0.61834724E-04
 -1.5981975    -0.95591052E-02-0.38857338E-06 0.25904892E-06
 0.50074172     0.25132053E-01-0.19700763E-03-0.37571726E-05
  2.9703353     0.58717873E-01-0.28941335E-01-0.11179617E-03
 -1.5000000    -0.12144740E-03 0.12044503E-03 0.10023779E-05
  3.9436829    -0.61740002E-01-0.20335073E-02 0.17653595E-03
 0.13154394E-01 0.85827491E-04-0.82066510E-04 0.33790238E-04
 0.17843663     0.19118210    
 0.23768847     0.38236421E-01 0.65280442E-05-0.43520294E-05
 -1.6077568    -0.19118210E-01 0.15964657E-05-0.10643105E-05
 0.52567301     0.49453533E-01-0.83222799E-03-0.84837693E-05
  3.0000000     0.99962969E-03-0.95014928E-03-0.49480409E-04
 -1.5000000     0.24489956E-03-0.23366903E-03-0.11230535E-04
  3.8800859    -0.13055482    -0.21082318E-02 0.74231492E-04
 0.13191946E-01 0.46130372E-04-0.11133226E-06 0.50850211E-07
 0.19118210     0.20392758    
 0.27592707     0.38236421E-01-0.65668766E-05 0.43779177E-05
 -1.6268744    -0.19118210E-01-0.15921133E-05 0.10614089E-05
 0.57428583     0.47763625E-01-0.85760162E-03-0.16849212E-04
  3.0000000    -0.10491101E-02 0.10864038E-02-0.37293712E-04
 -1.5000000    -0.25613010E-03 0.26872665E-03-0.12596554E-04
  3.7474971    -0.13454859    -0.40407344E-02 0.49874674E-04
 0.13238016E-01 0.46060258E-04-0.15625770E-05 0.45946154E-07
 0.20392758     0.21030031    
 0.31416130     0.19118210E-01 0.16221999E-05-0.10814666E-05
 -1.6459932    -0.95591052E-02 0.38935008E-06-0.25956672E-06
 0.62117500     0.22998937E-01-0.22701179E-03-0.53783092E-06
  3.0000000     0.50590819E-03-0.49951312E-03-0.63950722E-05
 -1.5000000     0.12176677E-03-0.12091548E-03-0.85128747E-06
  3.6089576    -0.71240216E-01-0.26658011E-03 0.89323646E-05
 0.13282559E-01 0.21536471E-04 0.13196679E-06 0.12644397E-07
 0.21030031     0.21667305    
 0.33328005     0.19118210E-01-0.16269706E-05 0.10846471E-05
 -1.6555522    -0.95591052E-02-0.38871195E-06 0.25914130E-06
 0.64394639     0.22543300E-01-0.22861676E-03-0.22698687E-05
  3.0000000    -0.51230327E-03 0.51570406E-03-0.34007908E-05
 -1.5000000    -0.12261806E-03 0.12386973E-03-0.12516720E-05
  3.5374598    -0.71746579E-01-0.10739591E-02 0.36078034E-05
 0.13304240E-01 0.21838338E-04-0.52603204E-06 0.13664401E-07
 0.21667305     0.22304579    
 0.35239772     0.19118210E-01 0.16314847E-05-0.10876564E-05
 -1.6651114    -0.95591052E-02 0.38784919E-06-0.25856613E-06
 0.66625880     0.22079257E-01-0.23543362E-03-0.70945315E-06
  3.0000000     0.50890248E-03-0.50266848E-03-0.62339982E-05
 -1.5000000     0.12136639E-03-0.12065637E-03-0.71001758E-06
  3.4646429    -0.73883674E-01-0.34624528E-03 0.81808562E-05
 0.13325566E-01 0.20827267E-04 0.98989602E-07 0.11990339E-07
 0.22304579     0.22941852    
 0.37151648     0.19118210E-01-0.16366949E-05 0.10911299E-05
 -1.6746704    -0.95591052E-02-0.38757647E-06 0.25838431E-06
 0.68810192     0.21606261E-01-0.23755274E-03-0.21126084E-05
  3.0000000    -0.51513647E-03 0.51810010E-03-0.29636302E-05
 -1.5000000    -0.12207641E-03 0.12295776E-03-0.88135086E-06
  3.3904211    -0.74551622E-01-0.99811893E-03 0.24015094E-05
 0.13346505E-01 0.21061217E-04-0.50968806E-06 0.14212264E-07
 0.22941852     0.23579126    
 0.39063414     0.19118210E-01 0.16414071E-05-0.10942714E-05
 -1.6842296    -0.95591052E-02 0.38693310E-06-0.25795540E-06
 0.70946851     0.21124818E-01-0.24389839E-03-0.71846477E-06
  3.0000000     0.51217284E-03-0.50625153E-03-0.59213182E-05
 -1.5000000     0.12119505E-03-0.12071728E-03-0.47777261E-06
  3.3148738    -0.76540655E-01-0.34920895E-03 0.73280087E-05
 0.13367070E-01 0.20084478E-04 0.88505169E-07 0.11087718E-07
 0.23579126     0.24216400    
 0.40975290     0.19118210E-01-0.16466812E-05 0.10977875E-05
 -1.6937886    -0.95591052E-02-0.38681449E-06 0.25787633E-06
 0.73034872     0.20634866E-01-0.24604407E-03-0.20643583E-05
  3.0000000    -0.51809416E-03 0.52070519E-03-0.26110275E-05
 -1.5000000    -0.12167283E-03 0.12222526E-03-0.55243149E-06
  3.2379912    -0.77217089E-01-0.97367999E-03 0.12510971E-05
 0.13387254E-01 0.20294751E-04-0.50418219E-06 0.15229224E-07
 0.24216400     0.24853674    
 0.42887056     0.19118210E-01 0.16513701E-05-0.11009134E-05
 -1.7033478    -0.95591052E-02 0.38628663E-06-0.25752442E-06
 0.75073547     0.20136585E-01-0.25224542E-03-0.68925319E-06
  3.0000000     0.51548313E-03-0.50992904E-03-0.55540945E-05
 -1.5000000     0.12112040E-03-0.12089944E-03-0.22095527E-06
  3.1598017    -0.79160696E-01-0.33415108E-03 0.64566892E-05
 0.13407060E-01 0.19332075E-04 0.81608223E-07 0.10192474E-07
 0.24853674     0.25490947    
 0.44798932     0.19118210E-01-0.16566471E-05 0.11044314E-05
 -1.7129068    -0.95591052E-02-0.38631711E-06 0.25754474E-06
 0.77061912     0.19630026E-01-0.25430304E-03-0.19841846E-05
  3.0000000    -0.52103723E-03 0.52327919E-03-0.22419557E-05
 -1.5000000    -0.12134135E-03 0.12154307E-03-0.20172105E-06
  3.0803133    -0.79809628E-01-0.93422293E-03 0.10742882E-06
 0.13426484E-01 0.19525869E-04-0.49093928E-06 0.15998252E-07
 0.25490947     0.26128221    
 0.46710698     0.19118210E-01 0.16614179E-05-0.11076119E-05
 -1.7224660    -0.95591052E-02 0.38599703E-06-0.25733135E-06
 0.78999286     0.19115468E-01-0.26026439E-03-0.74022721E-06
  3.0000000     0.51879527E-03-0.51355885E-03-0.52364253E-05
 -1.5000000     0.12113963E-03-0.12113859E-03-0.10360337E-08
  2.9995696    -0.81677752E-01-0.35692488E-03 0.56411243E-05
 0.13445535E-01 0.18591985E-04 0.65900320E-07 0.96788284E-08
 0.26128221     0.26765495    
 0.48622574     0.19118210E-01-0.16667993E-05 0.11111996E-05
 -1.7320250    -0.95591052E-02-0.38626385E-06 0.25750923E-06
 0.80884733     0.18592718E-01-0.26247445E-03-0.18694773E-05
  3.0000000    -0.52403170E-03 0.52589045E-03-0.18587485E-05
 -1.5000000    -0.12114067E-03 0.12097454E-03 0.16612853E-06
  2.9175406    -0.82374678E-01-0.87854608E-03-0.10115968E-05
 0.13464202E-01 0.18752822E-04-0.47112370E-06 0.16514023E-07
 0.26765495     0.27084131    
 0.50534340     0.95591052E-02 0.41670014E-06-0.27780009E-06
 -1.7415842    -0.47795526E-02 0.96612911E-07 0.71347632E-07
 0.82717570     0.90310804E-02-0.67022256E-04-0.15783867E-06
  3.0000000     0.26108648E-03-0.26015668E-03-0.92979597E-06
 -1.5000000     0.60653397E-04 0.67138760E-04 0.23796325E-07
  2.8342863    -0.42067403E-01-0.15074744E-03 0.14281516E-05
 0.13482501E-01 0.89300583E-05 0.19518216E-06 0.42143325E-08
 0.27084131     0.27402768    
 0.51490264     0.95591052E-02-0.41701697E-06 0.27801132E-06
 -1.7463636    -0.47791453E-02 0.31068688E-06 0.46798904E-06
 0.83613960     0.88965623E-02-0.67495193E-04-0.88036488E-06
  3.0000000    -0.26201627E-03 0.26254832E-03-0.53204818E-06
 -1.4998722     0.19500231E-03 0.44064061E-03-0.16198397E-07
  2.7920696    -0.42364613E-01-0.82993513E-03 0.70982376E-06
 0.13491630E-01 0.93330656E-05 0.15200720E-06 0.14325410E-07
 0.27402768     0.27721405    
 0.52446161     0.95591052E-02 0.41774657E-06-0.27849771E-06
 -1.7511420    -0.47771200E-02 0.17146850E-05 0.42281925E-06
 0.84496779     0.87589308E-02-0.70137755E-04-0.74178042E-06
  3.0000000     0.26148422E-03-0.26003625E-03-0.14479748E-05
 -1.4992366     0.10762349E-02 0.39817341E-03-0.56595061E-07
  2.7488758    -0.44022354E-01-0.70223234E-03 0.25599653E-05
 0.13501130E-01 0.96800562E-05 0.48905881E-06 0.10234877E-07
 0.27721405     0.28040042    
 0.53402085     0.95591052E-02-0.41851646E-06 0.27901097E-06
 -1.7559170    -0.47724222E-02 0.29830743E-05 0.42477355E-06
 0.85365584     0.86164300E-02-0.72361433E-04-0.78456002E-06
  3.0000000    -0.26293220E-03 0.26341372E-03-0.48151807E-06
 -1.4977622     0.18724120E-02 0.39988713E-03 0.27359062E-07
  2.7041537    -0.45419139E-01-0.73938966E-03 0.47987368E-06
 0.13511309E-01 0.10688878E-04 0.16288281E-06 0.13021690E-07
 0.28040042     0.28358679    
 0.54357982     0.95591052E-02 0.41929861E-06-0.27953241E-06
 -1.7606860    -0.47651817E-02 0.42574443E-05 0.42905277E-06
 0.86219912     0.84693535E-02-0.74716732E-04-0.73808661E-06
  3.0000000     0.26245068E-03-0.26098729E-03-0.14633883E-05
 -1.4954899     0.26722683E-02 0.40401322E-03-0.37399469E-07
  2.6579957    -0.46896478E-01-0.69869276E-03 0.25184206E-05
 0.13522174E-01 0.11053709E-04 0.52825023E-06 0.10220010E-07
 0.28358679     0.28677316    
 0.55313906     0.95591052E-02-0.42007243E-06 0.28004829E-06
 -1.7654465    -0.47553796E-02 0.55445221E-05 0.42644288E-06
 0.87059302     0.83177057E-02-0.76929291E-04-0.76104611E-06
  3.0000000    -0.26391407E-03 0.26440606E-03-0.49199215E-06
 -1.4924136     0.34801825E-02 0.40140876E-03 0.60582856E-07
  2.6104030    -0.48286308E-01-0.71711329E-03 0.38758129E-06
 0.13533766E-01 0.12140870E-04 0.20838726E-06 0.13248528E-07
 0.28677316     0.28995952    
 0.56269803     0.95591052E-02 0.42086085E-06-0.28057390E-06
 -1.7701959    -0.47430113E-02 0.68239153E-05 0.42898499E-06
 0.87883304     0.81615640E-02-0.79214070E-04-0.74297158E-06
  3.0000000     0.26342208E-03-0.26194027E-03-0.14818086E-05
 -1.4885320     0.42831818E-02 0.40392951E-03-0.24400586E-07
  2.5614000    -0.49719372E-01-0.70319213E-03 0.24512886E-05
 0.13546128E-01 0.12597390E-04 0.55939615E-06 0.10091407E-07
 0.28995952     0.29314589    
 0.57225727     0.95591052E-02-0.42162991E-06 0.28108661E-06
 -1.7749316    -0.47280765E-02 0.81107796E-05 0.42406771E-06
 0.88691464     0.80009070E-02-0.81441255E-04-0.75474512E-06
  3.0000000    -0.26490388E-03 0.26542035E-03-0.51646152E-06
 -1.4838449     0.50909676E-02 0.39913534E-03 0.85266331E-07
  2.5109799    -0.51118403E-01-0.71102101E-03 0.28043282E-06
 0.13559295E-01 0.13746456E-04 0.24747678E-06 0.13450949E-07
 0.29314589     0.29633226    
 0.58181624     0.95591052E-02 0.42239922E-06-0.28159948E-06
 -1.7796512    -0.47105827E-02 0.93830497E-05 0.43233515E-06
 0.89483335     0.78357602E-02-0.83707158E-04-0.73210901E-06
  3.0000000     0.26438742E-03-0.26290549E-03-0.14819360E-05
 -1.4783547     0.58894941E-02 0.40705177E-03-0.31225439E-08
  2.4591507    -0.52539603E-01-0.69285054E-03 0.23745057E-05
 0.13573303E-01 0.14281763E-04 0.59656536E-06 0.99791934E-08
 0.29633226     0.29951863    
 0.59137548     0.95591052E-02-0.42315321E-06 0.28210214E-06
 -1.7843520    -0.46905196E-02 0.10679959E-04 0.42333383E-06
 0.90258467     0.76661496E-02-0.85901727E-04-0.74303514E-06
  3.0000000    -0.26586936E-03 0.26640478E-03-0.53542579E-06
 -1.4720582     0.67035883E-02 0.39840283E-03 0.11291104E-06
  2.4059207    -0.53918181E-01-0.69982422E-03 0.16524521E-06
 0.13588191E-01 0.15504831E-04 0.28988990E-06 0.13675795E-07
 0.29951863     0.30270500    
 0.60093445     0.95591052E-02 0.42390161E-06-0.28260107E-06
 -1.7890314    -0.46678897E-02 0.11950031E-04 0.44026101E-06
 0.91016418     0.74921170E-02-0.88132534E-04-0.71816080E-06
  3.0000000     0.26533393E-03-0.26385900E-03-0.14749324E-05
 -1.4649561     0.75007327E-02 0.41447866E-03 0.20552133E-07
  2.3513028    -0.55317334E-01-0.67960251E-03 0.22967037E-05
 0.13603999E-01 0.16125638E-04 0.64029976E-06 0.99819803E-08
 0.30270500     0.30589137    
 0.61049369     0.95591052E-02-0.42458629E-06 0.28305753E-06
 -1.7936869    -0.46426689E-02 0.13270735E-04 0.41914158E-06
 0.91756745     0.73136975E-02-0.90285235E-04-0.80043694E-06
  3.0000000    -0.26680887E-03 0.26742430E-03-0.61543681E-06
 -1.4570408     0.83297516E-02 0.39445299E-03 0.11471609E-06
  2.2953082    -0.56669649E-01-0.75370279E-03 0.54026872E-07
 0.13620775E-01 0.17436184E-04 0.32213905E-06 0.14175663E-07
 0.30589137     0.31226410    
 0.62005266     0.19118210E-01 0.17120876E-05-0.11413917E-05
 -1.7983158    -0.92297399E-02 0.58112121E-04 0.33255440E-05
 0.92479006     0.14261451E-01-0.37076585E-03-0.56371514E-05
  3.0000000     0.53238686E-03-0.52252986E-03-0.98569961E-05
 -1.4483165     0.18238004E-01 0.15646944E-02 0.54813922E-06
  2.2378849    -0.11635378    -0.26723846E-02 0.12442011E-04
 0.13638548E-01 0.36245977E-04 0.22755004E-05 0.53484975E-07
 0.31226410     0.31863684    
 0.63917144     0.19118210E-01-0.17172502E-05 0.11448335E-05
 -1.8074842    -0.91035391E-02 0.68087701E-04 0.34651701E-05
 0.93867511     0.13503008E-01-0.38766236E-03-0.59139989E-05
  3.0000000    -0.54224385E-03 0.54886047E-03-0.66166166E-05
 -1.4285133     0.21369037E-01 0.16294400E-02 0.12041499E-05
  2.1188712    -0.12166123    -0.27886291E-02 0.30531261E-05
 0.13677123E-01 0.40957433E-04 0.19363212E-05 0.78524613E-07
 0.31863684     0.32500958    
 0.65828908     0.19118210E-01 0.17222934E-05-0.11481956E-05
 -1.8165161    -0.89569681E-02 0.78483725E-04 0.34251208E-05
 0.95178454     0.12709941E-01-0.40541648E-03-0.55611828E-05
  3.0000000     0.53562724E-03-0.52584503E-03-0.97822096E-05
 -1.4055136     0.24631529E-01 0.16110761E-02 0.87816986E-06
  1.9944244    -0.12722933    -0.26339259E-02 0.10643226E-04
 0.13720095E-01 0.45065649E-04 0.26188072E-05 0.54832154E-07
 0.32500958     0.33138231    
 0.67740786     0.19118210E-01-0.17269750E-05 0.11513167E-05
 -1.8253912    -0.87897253E-02 0.88758011E-04 0.34602775E-05
 0.96408350     0.11882425E-01-0.42208423E-03-0.58882932E-05
  3.0000000    -0.54540945E-03 0.55225318E-03-0.68437366E-05
 -1.3792701     0.27856316E-01 0.16266163E-02 0.15515728E-05
  1.8645717    -0.13246525    -0.27730213E-02 0.71403910E-06
 0.13767834E-01 0.50467760E-04 0.22768654E-05 0.81111775E-07
 0.33138231     0.33775505    
 0.69652550     0.19118210E-01 0.17312985E-05-0.11541990E-05
 -1.8340887    -0.86018285E-02 0.99139482E-04 0.34274750E-05
 0.97553795     0.11020592E-01-0.43976127E-03-0.54924868E-05
  3.0000000     0.53856571E-03-0.52900813E-03-0.95575769E-05
 -1.3497856     0.31114203E-01 0.16117778E-02 0.11494905E-05
  1.7293342    -0.13800915    -0.25981051E-02 0.83211262E-05
 0.13820660E-01 0.55264826E-04 0.28940660E-05 0.53785926E-07
 0.33775505     0.34412779    
 0.71564428     0.19118210E-01-0.17356471E-05 0.11570980E-05
 -1.8425880    -0.83932671E-02 0.10942069E-03 0.34308932E-05
 0.98611329     0.10124592E-01-0.45622241E-03-0.56907200E-05
  3.0000000    -0.54812329E-03 0.55495138E-03-0.68280967E-05
 -1.3170585     0.34341207E-01 0.16122397E-02 0.19144839E-05
  1.5887353    -0.14318040    -0.26760233E-02-0.19467899E-05
 0.13878873E-01 0.61214316E-04 0.26057277E-05 0.82161419E-07
 0.34412779     0.34572097    
 0.73476192     0.47795526E-02 0.10788039E-06-0.71920257E-07
 -1.8508684    -0.20410333E-02 0.74822740E-05 0.58406177E-07
 0.99577597     0.22987687E-02-0.29581238E-04-0.84847357E-07
  3.0000000     0.13532380E-03-0.13511716E-03-0.20663312E-06
 -1.2811031     0.93928575E-02 0.10997178E-03 0.56407475E-08
  1.4428769    -0.37134571E-01-0.16025534E-03 0.31923071E-06
 0.13942775E-01 0.16668064E-04 0.24733260E-06 0.25036058E-08
 0.34572097     0.34731416    
 0.73954150     0.47795526E-02-0.10770131E-06-0.47030796E-06
 -1.8529019    -0.20258935E-02 0.76575427E-05 0.69660302E-07
 0.99804507     0.22393516E-02-0.29836423E-04-0.10134254E-06
  3.0000000    -0.13553043E-03-0.88461650E-03-0.65561453E-06
 -1.2716003     0.96128180E-02 0.13135172E-03-0.11990532E-06
  1.4055824    -0.37454124E-01-0.19369322E-03 0.19039173E-05
 0.13959693E-01 0.17170240E-04 0.55848891E-06 0.96285559E-07
 0.34731416     0.34811075    
 0.74432048     0.23889631E-02-0.37969755E-06-0.96806893E-07
 -1.8549200    -0.10051847E-02 0.19666245E-05 0.94604431E-08
  1.0002545     0.10896874E-02-0.75350050E-05-0.12815688E-07
  2.9989792    -0.95336514E-03-0.36439716E-03-0.12145209E-06
 -1.2618562     0.49375809E-02 0.35669565E-04-0.27167216E-07
  1.3679365    -0.18917899E-01-0.48854715E-04 0.38833194E-06
 0.13977518E-01 0.92880372E-05 0.31463817E-06 0.33128320E-07
 0.34811075     0.34890734    
 0.74670897     0.23879133E-02-0.67011992E-06-0.91549010E-07
 -1.8559232    -0.10012231E-02 0.19950056E-05 0.93872753E-08
  1.0013366     0.10745789E-02-0.75734537E-05-0.12717437E-07
  2.9976613    -0.16825238E-02-0.34460695E-03-0.11363167E-06
 -1.2568830     0.50088385E-02 0.35391449E-04-0.25900742E-07
  1.3489701    -0.19014444E-01-0.48451866E-04 0.36679848E-06
 0.13987154E-01 0.10016699E-04 0.39409551E-06 0.29636641E-07
 0.34890734     0.34970393    
 0.74909612     0.23862984E-02-0.94476893E-06-0.85969164E-07
 -1.8569225    -0.99720491E-03 0.20231676E-05 0.92161197E-08
  1.0024036     0.10593939E-02-0.76116069E-05-0.12074901E-07
  2.9956341    -0.23720786E-02-0.32360698E-03-0.10481842E-06
 -1.2518388     0.50795437E-02 0.34746299E-04-0.24418691E-07
  1.3299076    -0.19110247E-01-0.45996489E-04 0.34351062E-06
 0.13997594E-01 0.10893799E-04 0.45527904E-06 0.26146999E-07
 0.34970393     0.35050052    
 0.75148139     0.23841510E-02-0.12026777E-05-0.85473291E-07
 -1.8579176    -0.99313093E-03 0.20508162E-05 0.91724229E-08
  1.0034554     0.10441344E-02-0.76478368E-05-0.11744973E-07
  2.9929383    -0.30196070E-02-0.32174439E-03-0.10195991E-06
 -1.2467245     0.51489630E-02 0.34579595E-04-0.24519193E-07
  1.3107517    -0.19201209E-01-0.44750451E-04 0.34024338E-06
 0.14008969E-01 0.11882799E-04 0.52927485E-06 0.25997770E-07
 0.35050052     0.35129712    
 0.75386425     0.23814892E-02-0.14590964E-05-0.98361356E-07
 -1.8589087    -0.98900178E-03 0.20783340E-05 0.97418518E-08
  1.0044919     0.10288035E-02-0.76830878E-05-0.11512150E-07
  2.9895968    -0.36634017E-02-0.37026514E-03-0.11257187E-06
 -1.2415410     0.52180487E-02 0.36731550E-04-0.28775996E-07
  1.2915061    -0.19289690E-01-0.43947958E-04 0.39028515E-06
 0.14021407E-01 0.13019342E-04 0.69245837E-06 0.34389232E-07
 0.35129712     0.35209371    
 0.75624418     0.23782759E-02-0.17541823E-05-0.97968253E-07
 -1.8598956    -0.98481588E-03 0.21075602E-05 0.96948613E-08
  1.0055130     0.10134028E-02-0.77176289E-05-0.11146678E-07
  2.9855630    -0.44042697E-02-0.36879154E-03-0.10848411E-06
 -1.2362863     0.52914254E-02 0.36556105E-04-0.28931574E-07
  1.2721728    -0.19376415E-01-0.42565281E-04 0.38670655E-06
 0.14035154E-01 0.14507426E-04 0.79079044E-06 0.33848927E-07
 0.35209371     0.35289030    
 0.75862060     0.23744737E-02-0.20480905E-05-0.91201136E-07
 -1.8608783    -0.98057168E-03 0.21366449E-05 0.95110367E-08
  1.0065186     0.99793411E-03-0.77510690E-05-0.10492003E-07
  2.9807899    -0.51421782E-02-0.34332227E-03-0.97932448E-07
 -1.2309583     0.53644508E-02 0.35859334E-04-0.26982855E-07
  1.2527542    -0.19460385E-01-0.40058157E-04 0.35766772E-06
 0.14050486E-01 0.16190554E-04 0.83223625E-06 0.29149683E-07
 0.35289030     0.35368689    
 0.76099294     0.23701039E-02-0.23216968E-05-0.87858516E-07
 -1.8618567    -0.97626985E-03 0.21651777E-05 0.95645155E-08
  1.0075088     0.98240050E-03-0.77825481E-05-0.10350332E-07
  2.9753043    -0.58291165E-02-0.33074393E-03-0.91484431E-07
 -1.2255580     0.54360886E-02 0.36059194E-04-0.26114865E-07
  1.2332541    -0.19539428E-01-0.39500302E-04 0.34238741E-06
 0.14067538E-01 0.17942475E-04 0.88757096E-06 0.26907741E-07
 0.35368689     0.35528008    
 0.76336063     0.47303938E-02-0.10340816E-04-0.90390342E-06
 -1.8628308    -0.19438216E-02 0.87755740E-05 0.78100622E-07
  1.0084834     0.19336087E-02-0.31255529E-04-0.76757228E-07
  2.9691443    -0.12981758E-01-0.17007536E-02-0.87764146E-06
 -1.2200859     0.11016257E-01 0.14747951E-03-0.27561075E-06
  1.2136755    -0.39234804E-01-0.14977310E-03 0.34865879E-05
 0.14086395E-01 0.39596681E-04 0.49183745E-05 0.35795097E-06
 0.35528008     0.35607667    
 0.76807978     0.23535002E-02-0.32632037E-05-0.91467371E-07
 -1.8647658    -0.96301808E-03 0.22524473E-05 0.94611703E-08
  1.0103857     0.93543369E-03-0.78711765E-05-0.84281416E-08
  2.9544609    -0.81929489E-02-0.34435013E-03-0.81156405E-07
 -1.2089225     0.56551947E-02 0.35672898E-04-0.27700792E-07
  1.1742945    -0.19761945E-01-0.32267653E-04 0.34641804E-06
 0.14131268E-01 0.25253641E-04 0.12173555E-05 0.29844639E-07
 0.35607667     0.35647496    
 0.77042993     0.11733497E-02-0.88440505E-06-0.10961238E-07
 -1.8657266    -0.47924240E-03 0.57020688E-06 0.12006350E-08
  1.0113133     0.45983302E-03-0.19741048E-05-0.10691759E-08
  2.9459236    -0.44409463E-02-0.82548772E-04-0.90374037E-08
 -1.2032316     0.28632287E-02 0.90493032E-05-0.33197046E-08
  1.1545006    -0.99127205E-02-0.81249146E-05 0.41220625E-07
 0.14157768E-01 0.13888943E-04 0.31329293E-06 0.34964425E-08
 0.35647496     0.35687326    
 0.77160238     0.11715480E-02-0.91728941E-06-0.91392039E-08
 -1.8662052    -0.47809839E-03 0.57380889E-06 0.12009120E-08
  1.0117711     0.45588161E-03-0.19773149E-05-0.10323281E-08
  2.9414001    -0.46060710E-02-0.68827734E-04-0.68915232E-08
 -1.2003593     0.28813173E-02 0.90492788E-05-0.27373376E-08
  1.1445798    -0.99288467E-02-0.78330851E-05 0.33978356E-07
 0.14171974E-01 0.14526018E-04 0.27108207E-06 0.26270421E-08
 0.35687326     0.36005963    
 0.77277300     0.93574882E-02-0.60457944E-04-0.57538481E-05
 -1.8666828    -0.38155773E-02 0.36955699E-04 0.49380055E-06
  1.0122250     0.36153910E-02-0.12676273E-03-0.12877017E-06
  2.9367251    -0.37949977E-01-0.54109786E-02-0.42223250E-05
 -1.1974690     0.23195262E-01 0.46750640E-03-0.17249854E-05
  1.1346431    -0.79555288E-01-0.15229766E-03 0.20701190E-04
 0.14186774E-01 0.12060851E-03 0.21466420E-04 0.17808643E-05
 0.36005963     0.36324600    
 0.78206428     0.92193108E-02-0.77720316E-04-0.54353203E-05
 -1.8704609    -0.37401845E-02 0.38437013E-04 0.48415366E-06
  1.0157135     0.33614793E-02-0.12714716E-03-0.65107536E-07
  2.8933600    -0.48784601E-01-0.51126322E-02-0.31862431E-05
 -1.1738079     0.24125099E-01 0.45825659E-03-0.16135884E-05
  1.0549563    -0.79797779E-01-0.88775235E-04 0.18312123E-04
 0.14330630E-01 0.16888394E-03 0.25278541E-04 0.15759796E-05
 0.36324600     0.36961873    
 0.79120043     0.18095128E-01-0.37613661E-03-0.13132008E-05
 -1.8741622    -0.73237161E-02 0.15955131E-03 0.30356823E-05
  1.0189478     0.62139793E-02-0.50928200E-03 0.13710446E-05
  2.8394596    -0.11803885    -0.63829858E-03 0.13402090E-04
 -1.1492262     0.50073544E-01 0.14276947E-02 0.91331442E-06
 0.97508801    -0.15984079     0.67334429E-03-0.18617988E-04
 0.14526368E-01 0.44833792E-03 0.35056952E-05 0.53964339E-07
 0.36961873     0.38236421    
 0.80891811     0.34677831E-01-0.15206267E-02-0.92478331E-05
 -1.8813233    -0.13991013E-01 0.67461859E-03 0.19417785E-04
  1.0246539     0.10399057E-01-0.20202163E-02 0.27097047E-04
  2.7207958    -0.23855048    -0.23684898E-02 0.12783803E-03
 -1.0977240     0.10586335     0.45607890E-02 0.64835567E-05
 0.81590195    -0.31709990     0.66501233E-02-0.18139499E-03
 0.14978266E-01 0.91102241E-03 0.11846559E-04 0.40316267E-06
 0.38236421     0.40785516    
 0.84206607     0.63217668E-01-0.61997550E-02-0.49024075E-04
 -1.8946203    -0.25167045E-01 0.29315567E-02 0.55578977E-04
  1.0330598     0.12879831E-01-0.77467672E-02 0.54351925E-03
  2.4800047    -0.48580789    -0.76298593E-02 0.12401824E-02
-0.98729342     0.23000875     0.65377905E-02 0.21573558E-05
 0.50527077    -0.60868769     0.66613135E-01-0.17646625E-02
 0.15901538E-01 0.18718500E-02 0.23624213E-04 0.53016715E-05
 0.40785516     0.43334610    
 0.89903496     0.50671086E-01-0.63461709E-02-0.15569262E-04
 -1.9168002    -0.19137194E-01 0.30988073E-02-0.55662846E-04
  1.0387364    -0.98314602E-03-0.61162961E-02 0.87468467E-03
  1.9878071    -0.49734706    -0.35381210E-02 0.11371954E-02
-0.75074473     0.24309080    -0.64332380E-02-0.78437345E-04
-0.38568438E-01-0.48075540     0.10556728    -0.17511077E-02
 0.17802314E-01 0.19350035E-02 0.13913411E-04 0.11435413E-04
 0.43334610     0.44609158    
 0.94334430     0.18966018E-01-0.15967417E-02 0.65044007E-06
 -1.9328942    -0.65532841E-02 0.73286989E-03-0.15759830E-04
  1.0325116    -0.52958421E-02-0.87523948E-03 0.13350175E-03
  1.4880591    -0.25050586    -0.40564144E-05 0.10477041E-03
-0.51416560     0.11499451    -0.36906099E-02-0.12600303E-04
-0.41550767    -0.13743709     0.31710931E-01-0.19173901E-03
 0.19762666E-01 0.99856827E-03 0.97744711E-05 0.21277258E-05
 0.44609158     0.45883705    
 0.96071423     0.15774486E-01-0.15946735E-02 0.18321202E-05
 -1.9387304    -0.51348238E-02 0.68557911E-03-0.19084480E-04
  1.0264740    -0.66458158E-02-0.47480590E-03 0.14153847E-03
  1.2376540    -0.25019966     0.32910440E-03 0.68090570E-04
-0.40287430     0.10757549    -0.44784854E-02-0.90489034E-05
-0.52142557    -0.74590441E-01 0.33568914E-01-0.16928340E-03
 0.20773136E-01 0.10245004E-02 0.15731596E-04 0.24306628E-05
 0.45883705     0.47158252    
 0.97489588     0.12590635E-01-0.15890548E-02 0.25584991E-05
 -1.9431987    -0.38209190E-02 0.62830188E-03-0.23229965E-04
  1.0194950    -0.71708122E-02-0.50258117E-04 0.15257501E-03
 0.98785152    -0.24933718     0.55767695E-03 0.29691085E-04
-0.29978635     0.98591369E-01-0.54654507E-02-0.15751863E-05
-0.56261638    -0.79604627E-02 0.36134876E-01-0.14808726E-03
 0.21815799E-01 0.10632556E-02 0.23031682E-04 0.28475765E-05
 0.47158252     0.48432800    
 0.98590002     0.94202013E-02-0.15812466E-02 0.27396837E-05
 -1.9464146    -0.26340052E-02 0.55857089E-03-0.25872058E-04
  1.0124265    -0.68136034E-02 0.40741898E-03 0.15965184E-03
 0.73910171    -0.24813275     0.66282470E-03-0.11976228E-04
-0.20666201     0.87655742E-01-0.61066955E-02 0.11327971E-04
-0.53459005     0.63865027E-01 0.37778077E-01-0.13306943E-03
 0.22904934E-01 0.11178617E-02 0.32090338E-04 0.31556442E-05
 0.48432800     0.49070073    
 0.99374171     0.31329636E-02-0.39325761E-03 0.31569230E-06
 -1.9485159    -0.79723978E-03 0.12024282E-03-0.34028208E-05
  1.0061799    -0.27599050E-02 0.22151303E-03 0.20461206E-04
 0.49161980    -0.12342152     0.15690440E-03-0.55270532E-05
-0.12510163     0.37738168E-01-0.16064955E-02 0.30670522E-05
-0.43308002     0.69510987E-01 0.96561645E-02-0.15964589E-04
 0.24058042E-01 0.59575464E-03 0.10562631E-04 0.41893407E-06
 0.49070073     0.49707347    
 0.99648173     0.23473955E-02-0.39230611E-03 0.27286637E-06
 -1.9491963    -0.56696260E-03 0.11003223E-03-0.34273157E-05
  1.0036620    -0.22554953E-02 0.28289666E-03 0.20628569E-04
 0.36834967    -0.12312429     0.14090530E-03-0.83013548E-05
-0.88966894E-01 0.34534378E-01-0.16200428E-02 0.44109494E-05
-0.35392883     0.88775422E-01 0.97349873E-02-0.15987863E-04
 0.24664778E-01 0.61813670E-03 0.11967992E-04 0.43009603E-06
 0.49707347     0.50344621    
 0.99843709     0.15636018E-02-0.39148300E-03 0.21400680E-06
 -1.9496566    -0.35718009E-03 0.99747841E-04-0.35156203E-05
  1.0017100    -0.16278162E-02 0.34478299E-03 0.20895078E-04
 0.24535798    -0.12286738     0.11744506E-03-0.11133489E-04
-0.56048148E-01 0.31307525E-01-0.16639116E-02 0.59434722E-05
-0.25543441     0.10819743     0.98610547E-02-0.16391532E-04
 0.25295313E-01 0.64336297E-03 0.13362567E-04 0.44382296E-06
 0.50344621     0.50981894    
 0.99960943     0.78127785E-03-0.39083633E-03 0.13160496E-06
 -1.9499176    -0.16823127E-03 0.89198226E-04-0.33883932E-05
  1.0004479    -0.87556503E-03 0.40746959E-03 0.20208620E-04
 0.12259691    -0.12266589     0.83030773E-04-0.14051356E-04
-0.26398591E-01 0.27997532E-01-0.16066152E-02 0.76740399E-05
-0.13739231     0.12787037     0.95391966E-02-0.17254176E-04
 0.25952482E-01 0.67141958E-03 0.14254605E-04 0.41901515E-06
 0.50981894    
  1.0000000    
 -1.9500000    
  1.0000000    
  0.0000000    
  0.0000000    
  0.0000000    
 0.26638575E-01

